
% H=sparse(4,4);
% H(1,1)=1.000000000000000e+00;
% H(2,1)=1.000000000000000e+00;
% H(2,2)=2.000000000000000e+00;
% H(2,3)=3.000000000000000e+00;
% H(3,2)=2.000000000000000e+00;
% H(3,3)=4.000000000000000e+00;
% H(4,2)=5.000000000000000e+00;

W=sparse(4,4);
W(1,1) = 10;
W(2,2) = 20;
W(3,3) = 30;
W(4,4) = 40;

%Gdbl = H' * W * H
	
H=sparse(4,4);
H(1,1)=1+2i;
H(2,1)=1+1i;
H(2,2)=2-2i;
H(2,3)=3+3i;
H(3,2)=2+2i;
H(3,3)=4+4i;
H(4,2)=5+5i;

Gcmplx = H' * W * H